ELFIN A EPDE

date:
'2018-09-17'

ebins:
50.
80. 
120. 
160. 
210. 
270. 
345. 
430. 
630. 
900. 
1300. 
1800. 
2500. 
3350. 
4150. 
5800.

ebins_logmean:
63.2455      
97.9796      
138.564      
183.303      
238.118      
305.205      
385.162      
520.480
752.994      
1081.67      
1529.71      
2121.32      
2893.96      
3728.61      
4906.12      
6500.00

ebins_minmax:
50, 80 
80, 120 
120, 160 
160, 210
210, 270
270, 345 
345, 430 
430, 630
630, 900 
900, 1300 
1300, 1800 
1800, 2500 
2500, 3350 
3350, 4150 
4150, 5800 
5800, 8000

ebin_lbls:
50-80 
80-120 
120-160 
160-210
210-270
270-345 
345-430 
430-630
630-900 
900-1300 
1300-1800 
1800-2500 
2500-3350 
3350-4150 
4150-5800 
5800+

gf:
0.15

overaccumulation_factors:
1.00
1.00 
1.00
1.00
1.00
1.00
1.00     
1.00
1.00      
1.00      
1.00      
1.00      
1.00      
1.00      
1.00      
1.15

thresh_factors:
0.20
1.00 
1.20
1.00
1.00
1.00
1.00     
1.00
1.00      
1.00      
1.00      
1.00      
1.00      
1.00      
1.00      
1.00

ch_efficiencies:
0.74 
0.80 
0.85 
0.86 
0.87 
0.87 
0.87
0.87 
0.82 
0.80 
0.75 
0.60 
0.50 
0.45 
0.25 
0.05

cal_ch_factors:
135.135     
39.0625      
49.0196      
58.1395      
57.4713      
57.4713      
57.4713      
57.4713      
60.9756      
62.5000      
66.6667      
83.3333      
100.000
111.111      
200.000      
1000.00
